0 ҫ
1 
2 ̸
3 
4 ؽ
5 
6 
7 
8 
9 
10 
11 
12 
13 
14 
15 
16 
17 
18 
19 
20 
21 
22 ¬
23 ֪
24 
25 
26 
27 إ
28 
29 
30 Ӧ
31 
32 
33 
34 
35 
36 ұ
37 
38 
39 
40 
41 
42 
43 
44 
45 
46 
47 
48 
49 ¹
50 
51 
52 
53 
54 
55 
56 
57 
58 
59 
60 
61 
62 
63 
64 
65 
66 
67 ?
68 
69 
70 
71 
72 
73 
74 
75 
76 ǥ
77 
78 
79 
80 
81 
82 
83 
84 
85 
86 
87 
88 
89 
90 
91 
92 
93 
94 
95 
96 
97 
98 Ҩ
99 
100 
101 
102 
103 
104 
105 
106 
107 @
108 
109 
110 
111 
112 
113 
114 
115 ѧ
116 
117 
118 
119 
120 
121 
122 
123 
124 
125 Խ
126 
127 
128 
129 
130 
131 
132 
133 
134 
135 
136 w
137 
138 
139 
140 
141 
142 
143 
144 Ѣ
145 
146 
147 
148 פ
149 
150 
151 ƅ
152 
153 
154 
155 Ҥ
156 
157 
158 ԫ
159 Կ
160 
161 ˹
162 
163 
164 
165 
166 
167 
168 
169 
170 
171 
172 
173 
174 
175 
176 ٽ
177 
178 Ѱ
179 
180 
181 
182 
183 
184 
185 
186 d
187 
188 ӣ
189 
190 ſ
191 
192 
193 
194 
195 
196 
197 
198 
199 ۫
200 
201 
202 
203 
204 
205 
206 
207 
208 
209 v
210 ֿ
211 
212 
213 
214 
215 
216 
217 
218 θ
219 
220 
221 
222 
223 Ƹ
224 
225 
226 
227 
228 
229 
230 
231 
232 
233 
234 
235 
236 [
237 
238 
239 
240 
241 ۡ
242 
243 
244 ߻
245 
246 
247 Ѵ
248 
249 
250 
251 
252 ̩
253 
254 
255 
256 
257 
258 
259 
260 
261 
262 
263 
264 
265 ӷ
266 
267 
268 H
269 
270 
271 
272 
273 
274 
275 
276 
277 
278 
279 
280 
281 
282 
283 
284 ˿
285 
286 
287 
288 
289 
290 
291 
292 ک
293 
294 Э
295 
296 
297 
298 
299 
300 ҩ
301 
302 
303 
304 
305 ѳ
306 h
307 Щ
308 
309 B
310 
311 
312 
313 
314 
315 ȯ
316 
317 
318 ۣ
319 
320 
321 
322 
323 
324 
325 
326 
327 ǩ
328 
329 
330 
331 ®
332 
333 
334 
335 
336 
337 
338 
339 
340 ƫ
341 
342 
343 տ
344 
345 
346 
347 
348 
349 
350 п
351 
352 ؾ
353 ܽ
354 
355 
356 
357 
358 
359 
360 ɱ
361 
362 
363 
364 
365 
366 ׾
367 
368 
369 
370 
371 
372 
373 
374 
375 
376 
377 
378 
379 
380 
381 
382 я
383 R
384 
385 
386 
387 
388 
389 
390 
391 
392 
393 
394 
395 
396 
397 
398 
399 կ
400 Ѯ
401 
402 
403 
404 
405 
406 
407 
408 
409 
410 
411 ʬ
412 
413 
414 
415 ٴ
416 
417 έ
418 
419 
420 
421 
422 
423 
424 
425 
426 
427 
428 ƺ
429 
430 
431 Ƨ
432 
433 
434 
435 
436 
437 
438 
439 
440 
441 
442 
443 
444 ߽
445 
446 
447 
448 
449 
450 
451 
452 
453 
454 
455 
456 
457 
458 
459 
460 
461 ֥
462 
463 
464 
465 
466 
467 
468 
469 
470 Ծ
471 
472 
473 Ч
474 
475 ׸
476 
477 
478 
479 
480 
481 
482 
483 
484 ֶ
485 ָ
486 
487 
488 
489 
490 
491 Ⱥ
492 
493 
494 ˬ
495 
496 
497 
498 
499 
500 
501 
502 ۪
503 
504 ѩ
505 
506 
507 
508 
509 
510 
511 
512 
513 
514 
515 
516 
517 
518 ϥ
519 
520 
521 
522 ֵ
523 
524 
525 
526 
527 
528 
529 
530 
531 
532 
533 ž
534 
535 
536 غ
537 
538 
539 
540 
541 
542 
543 
544 
545 
546 
547 
548 
549 
550 
551 
552 
553 
554 
555 
556 
557 
558 
559 ڴ
560 
561 
562 
563 
564 
565 
566 
567 
568 
569 
570 
571 
572 
573 
574 
575 
576 
577 
578 
579 
580 
581 
582 
583 
584 
585 
586 
587 
588 
589 
590 Ӣ
591 
592 ߷
593 
594 
595 
596 
597 
598 
599 
600 
601 
602 
603 
604 
605 
606 
607 
608 
609 
610 
611 
612 
613 
614 \
615 
616 ĭ
617 
618 
619 ͡
620 
621 
622 
623 
624 ۩
625 
626 
627 
628 
629 
630 
631 
632 
633 ͢
634 
635 
636 
637 
638 
639 
640 
641 
642 
643 
644 
645 
646 
647 
648 
649 
650 ԥ
651 ˩
652 
653 
654 
655 Ϥ
656 
657 
658 
659 
660 
661 
662 
663 
664 
665 
666 צ
667 
668 
669 
670 
671 
672 
673 ͯ
674 
675 
676 
677 
678 
679 ܷ
680 
681 G
682 
683 
684 
685 ٻ
686 
687 μ
688 ޹
689 ݫ
690 
691 
692 
693 
694 
695 
696 
697 
698 
699 
700 
701 
702 
703 Ԯ
704 
705 
706 
707 
708 ;
709 ̢
710 
711 
712 
713 
714 
715 
716 
717 
718 Ρ
719 
720 
721 ̹
722 
723 
724 
725 
726 
727 
728 
729 
730 
731 
732 
733 
734 
735 
736 
737 
738 
739 
740 
741 
742 
743 Τ
744 Ի
745 
746 
747 
748 ÷
749 
750 
751 
752 
753 
754 
755 °
756 
757 հ
758 
759 
760 ڭ
761 
762 
763 
764 
765 
766 
767 
768 
769 
770 
771 V
772 
773 б
774 
775 
776 
777 
778 
779 
780 
781 
782 
783 
784 ׿
785 
786 
787 
788 
789 ߶
790 
791 
792 
793 
794 
795 
796 
797 
798 
799 
800 
801 
802 
803 
804 
805 
806 
807 
808 
809 ت
810 
811 
812 f
813 
814 ͩ
815 
816 
817 
818 
819 
820 g
821 
822 
823 
824 
825 
826 
827 
828 
829 
830 
831 å
832 
833 U
834 
835 
836 
837 h
838 
839 
840 
841 
842 
843 
844 
845 
846 
847 
848 
849 
850 ά
851 
852 
853 
854 
855 
856 
857 
858 
859 
860 
861 
862 Ү
863 
864 
865 
866 
867 
868 
869 
870 
871 
872 
873 
874 
875 
876 
877 ¢
878 
879 ٰ
880 
881 
882 
883 
884 
885 
886 
887 
888 
889 
890 
891 
892 
893 
894 
895 ɢ
896 
897 
898 
899 
900 
901 
902 
903 
904 
905 
906 
907 
908 
909 پ
910 
911 
912 
913 
914 
915 
916 
917 u
918 
919 
920 
921 
922 
923 
924 
925 з
926 
927 
928 
929 
930 
931 
932 
933 
934 
935 
936 
937 
938 
939 ׭
940 Q
941 
942 
943 
944 
945 
946 
947 
948 
949 
950 
951 
952 ?
953 
954 
955 
956 
957 
958 
959 
960 ϶
961 
962 
963 
964 
965 õ
966 
967 
968 
969 
970 
971 
972 
973 
974 
975 
976 
977 
978 
979 
980 ި
981 ̲
982 
983 
984 
985 
986 
987 Ӽ
988 
989 
990 
991 
992 
993 
994 ̻
995 
996 
997 
998 
999 
1000 
1001 
1002 
1003 
1004 
1005 
1006 
1007 ɸ
1008 
1009 ٲ
1010 
1011 
1012 
1013 г
1014 
1015 
1016 
1017 
1018 ̼
1019 
1020 
1021 
1022 
1023 ϫ
1024 
1025 
1026 
1027 
1028 
1029 
1030 
1031 
1032 
1033 ׷
1034 
1035 
1036 Ϸ
1037 ˨
1038 
1039 
1040 
1041 
1042 
1043 þ
1044 
1045 
1046 
1047 
1048 
1049 
1050 
1051 
1052 
1053 
1054 
1055 
1056 
1057 
1058 
1059 
1060 
1061 
1062 
1063 
1064 
1065 
1066 
1067 
1068 
1069 
1070 
1071 Ʒ
1072 
1073 
1074 
1075 
1076 ߿
1077 
1078 
1079 
1080 ӵ
1081 
1082 
1083 
1084 
1085 
1086 
1087 
1088 
1089 
1090 
1091 
1092 
1093 
1094 ե
1095 K
1096 Ԫ
1097 
1098 
1099 
1100 
1101 ɽ
1102 
1103 
1104 
1105 
1106 
1107 
1108 
1109 
1110 
1111 
1112 
1113 
1114 
1115 ߢ
1116 
1117 
1118 
1119 
1120 ٸ
1121 
1122 
1123 
1124 
1125 
1126 
1127 
1128 
1129 
1130 
1131 ɯ
1132 
1133 
1134 
1135 
1136 
1137 
1138 
1139 ܿ
1140 Ǣ
1141 
1142 
1143 
1144 
1145 
1146 
1147 
1148 
1149 Ӱ
1150 
1151 
1152 
1153 
1154 
1155 
1156 
1157 ۲
1158 
1159 
1160 
1161 
1162 
1163 
1164 
1165 ͷ
1166 
1167 
1168 
1169 
1170 
1171 
1172 ڲ
1173 Ш
1174 
1175 
1176 ?
1177 
1178 
1179 
1180 
1181 
1182 
1183 ƻ
1184 
1185 
1186 
1187 
1188 
1189 
1190 ܺ
1191 
1192 
1193 
1194 
1195 ݵ
1196 ǧ
1197 
1198 ϸ
1199 
1200 
1201 
1202 
1203 
1204 
1205 
1206 
1207 
1208 
1209 
1210 
1211 
1212 
1213 
1214 
1215 
1216 
1217 
1218 
1219 δ
1220 
1221 
1222 
1223 
1224 
1225 
1226 
1227 
1228 
1229 
1230 
1231 
1232 ʿ
1233 
1234 
1235 
1236 
1237 
1238 ܯ
1239 ׯ
1240 
1241 
1242 
1243 ճ
1244 
1245 
1246 
1247 ҥ
1248 
1249 
1250 ۢ
1251 
1252 
1253 
1254 d
1255 
1256 
1257 
1258 
1259 
1260 ѯ
1261 
1262 ִ
1263 
1264 
1265 ֱ
1266 
1267 ƴ
1268 
1269 
1270 
1271 
1272 ש
1273 
1274 
1275 
1276 
1277 
1278 
1279 
1280 
1281 
1282 
1283 
1284 
1285 
1286 ޺
1287 
1288 
1289 ާ
1290 
1291 
1292 
1293 Ͱ
1294 
1295 
1296 
1297 
1298 ©
1299 â
1300 
1301 
1302 
1303 
1304 
1305 
1306 
1307 
1308 
1309 
1310 ݻ
1311 
1312 
1313 
1314 ס
1315 
1316 
1317 
1318 
1319 
1320 
1321 
1322 
1323 
1324 
1325 
1326 
1327 
1328 
1329 
1330 
1331 
1332 
1333 
1334 
1335 ۨ
1336 
1337 ˤ
1338 
1339 
1340 ձ
1341 
1342 
1343 
1344 
1345 
1346 
1347 
1348 
1349 
1350 
1351 
1352 
1353 Ž
1354 
1355 
1356 ΢
1357 
1358 
1359 
1360 
1361 
1362 
1363 
1364 Ȭ
1365 
1366 
1367 
1368 ţ
1369 ɪ
1370 ]
1371 
1372 Σ
1373 
1374 
1375 
1376 
1377 ͻ
1378 
1379 
1380 
1381 
1382 
1383 
1384 ˺
1385 
1386 
1387 
1388 
1389 
1390 
1391 
1392 
1393 ^
1394 ͫ
1395 ȶ
1396 
1397 
1398 
1399 ڮ
1400 
1401 
1402 
1403 
1404 
1405 
1406 
1407 
1408 
1409 
1410 
1411 
1412 
1413 
1414 
1415 
1416 
1417 
1418 
1419 
1420 
1421 
1422 
1423 
1424 
1425 
1426 
1427 
1428 
1429 
1430 
1431 
1432 
1433 ݶ
1434 
1435 
1436 
1437 
1438 
1439 
1440 
1441 
1442 
1443 
1444 
1445 
1446 Ų
1447 
1448 
1449 ¶
1450 
1451 
1452 
1453 Ƣ
1454 
1455 
1456 
1457 
1458 
1459 
1460 
1461 
1462 
1463 
1464 
1465 
1466 
1467 
1468 
1469 ޾
1470 
1471 
1472 
1473 
1474 
1475 
1476 
1477 
1478 ɺ
1479 
1480 
1481 
1482 Ĳ
1483 
1484 
1485 
1486 
1487 ѱ
1488 
1489 
1490 ܵ
1491 
1492 ߺ
1493 ¯
1494 
1495 
1496 Ͷ
1497 
1498 
1499 
1500 J
1501 ?
1502 
1503 ԭ
1504 
1505 
1506 
1507 
1508 
1509 
1510 
1511 
1512 
1513 گ
1514 
1515 
1516 
1517 
1518 
1519 
1520 ȷ
1521 ҿ
1522 
1523 
1524 
1525 
1526 
1527 
1528 
1529 ܧ
1530 
1531 
1532 
1533 
1534 
1535 
1536 
1537 
1538 
1539 
1540 
1541 
1542 
1543 
1544 
1545 ̵
1546 ޮ
1547 
1548 
1549 
1550 Բ
1551 
1552 
1553 
1554 
1555 
1556 
1557 ݳ
1558 
1559 
1560 
1561 
1562 
1563 
1564 
1565 
1566 
1567 
1568 
1569 
1570 
1571 
1572 
1573 
1574 L
1575 
1576 
1577 
1578 
1579 
1580 
1581 
1582 
1583 
1584 J
1585 ֮
1586 
1587 
1588 
1589 
1590 
1591 
1592 
1593 
1594 
1595 
1596 
1597 
1598 
1599 
1600 
1601 
1602 
1603 
1604 
1605 
1606 
1607 
1608 
1609 
1610 վ
1611 
1612 
1613 
1614 
1615 ݡ
1616 
1617 
1618 
1619 
1620 
1621 
1622 
1623 
1624 ¡
1625 
1626 
1627 
1628 
1629 
1630 
1631 
1632 
1633 
1634 
1635 
1636 
1637 
1638 
1639 
1640 
1641 
1642 
1643 
1644 
1645 
1646 
1647 
1648 
1649 
1650 
1651 
1652 
1653 
1654 
1655 
1656 
1657 
1658 
1659 
1660 
1661 
1662 
1663 
1664 
1665 ϳ
1666 
1667 
1668 
1669 ˥
1670 Ӿ
1671 
1672 
1673 
1674 
1675 
1676 
1677 
1678 
1679 
1680 
1681 
1682 
1683 
1684 
1685 ǭ
1686 ޥ
1687 
1688 Ҳ
1689 
1690 
1691 
1692 
1693 
1694 
1695 
1696 
1697 
1698 Ԩ
1699 
1700 
1701 
1702 
1703 
1704 
1705 Ҭ
1706 
1707 
1708 
1709 
1710 Ȫ
1711 
1712 
1713 
1714 
1715 
1716 
1717 
1718 ݤ
1719 
1720 
1721 
1722 ż
1723 
1724 
1725 ޿
1726 
1727 
1728 
1729 
1730 Ф
1731 
1732 
1733 
1734 
1735 
1736 
1737 
1738 
1739 Ъ
1740 
1741 
1742 
1743 ١
1744 
1745 Ť
1746 
1747 ٨
1748 
1749 
1750 ´
1751 
1752 ɡ
1753 
1754 
1755 
1756 
1757 ˮ
1758 ȳ
1759 
1760 
1761 
1762 
1763 ô
1764 
1765 ټ
1766 
1767 
1768 º
1769 
1770 
1771 
1772 
1773 
1774 
1775 
1776 
1777 
1778 
1779 
1780 
1781 
1782 
1783 
1784 
1785 
1786 
1787 
1788 
1789 
1790 
1791 
1792 
1793 ȿ
1794 
1795 
1796 
1797 
1798 
1799 
1800 
1801 
1802 
1803 ֩
1804 
1805 
1806 ة
1807 
1808 
1809 
1810 
1811 
1812 
1813 
1814 f
1815 
1816 
1817 
1818 
1819 
1820 
1821 
1822 
1823 
1824 
1825 
1826 
1827 
1828 
1829 
1830 
1831 
1832 
1833 
1834 
1835 
1836 
1837 ã
1838 ĺ
1839 ״
1840 
1841 
1842 
1843 
1844 
1845 Ȩ
1846 
1847 
1848 η
1849 
1850 
1851 
1852 
1853 
1854 
1855 
1856 
1857 
1858 
1859 
1860 
1861 
1862 
1863 
1864 
1865 
1866 
1867 
1868 
1869 
1870 
1871 
1872 
1873 ڪ
1874 
1875 
1876 
1877 
1878 
1879 
1880 
1881 
1882 
1883 
1884 
1885 
1886 
1887 
1888 ϵ
1889 
1890 é
1891 
1892 
1893 
1894 
1895 ī
1896 
1897 
1898 
1899 
1900 
1901 
1902 ߯
1903 
1904 
1905 
1906 
1907 ĥ
1908 
1909 Y
1910 
1911 
1912 
1913 
1914 
1915 
1916 
1917 
1918 
1919 
1920 
1921 
1922 
1923 
1924 
1925 
1926 
1927 
1928 
1929 
1930 
1931 
1932 ڸ
1933 
1934 
1935 
1936 
1937 ݽ
1938 
1939 
1940 
1941 
1942 
1943 
1944 
1945 
1946 
1947 
1948 
1949 
1950 ñ
1951 
1952 
1953 
1954 
1955 
1956 
1957 
1958 ͹
1959 
1960 
1961 
1962 
1963 
1964 
1965 
1966 ̫
1967 
1968 
1969 
1970 
1971 
1972 
1973 
1974 
1975 
1976 
1977 
1978 
1979 
1980 
1981 
1982 
1983 ٿ
1984 
1985 
1986 Һ
1987 ƥ
1988 a
1989 
1990 
1991 
1992 
1993 
1994 
1995 
1996 
1997 
1998 
1999 
2000 
2001 
2002 
2003 §
2004 Ь
2005 
2006 
2007 
2008 
2009 
2010 
2011 
2012 
2013 
2014 
2015 
2016 
2017 
2018 
2019 
2020 
2021 
2022 
2023 
2024 
2025 
2026 
2027 
2028 
2029 ԩ
2030 
2031 
2032 
2033 ɲ
2034 
2035 
2036 
2037 
2038 
2039 
2040 թ
2041 
2042 
2043 
2044 
2045 ң
2046 
2047 
2048 
2049 ˾
2050 
2051 
2052 
2053 
2054 
2055 
2056 ˴
2057 
2058 ѵ
2059 
2060 
2061 
2062 ɵ
2063 
2064 
2065 
2066 
2067 ?
2068 
2069 
2070 
2071 
2072 
2073 
2074 ܡ
2075 
2076 
2077 
2078 
2079 
2080 
2081 ˦
2082 
2083 
2084 
2085 
2086 
2087 
2088 
2089 
2090 
2091 
2092 
2093 
2094 
2095 
2096 
2097 
2098 
2099 
2100 
2101 ҵ
2102 
2103 
2104 
2105 
2106 
2107 
2108 
2109 
2110 
2111 ʫ
2112 
2113 
2114 Ʃ
2115 
2116 
2117 
2118 
2119 
2120 
2121 
2122 
2123 ʽ
2124 
2125 
2126 
2127 
2128 
2129 
2130 
2131 
2132 
2133 
2134 
2135 
2136 
2137 
2138 
2139 
2140 
2141 
2142 
2143 
2144 
2145 
2146 
2147 
2148 
2149 
2150 
2151 
2152 
2153 
2154 
2155 
2156 
2157 
2158 
2159 
2160 
2161 
2162 
2163 
2164 
2165 ߾
2166 
2167 
2168 
2169 
2170 
2171 
2172 
2173 
2174 
2175 
2176 
2177 
2178 ҷ
2179 
2180 
2181 ̴
2182 
2183 
2184 
2185 µ
2186 С
2187 
2188 ب
2189 ѣ
2190 
2191 
2192 
2193 ϧ
2194 
2195 
2196 
2197 
2198 ɿ
2199 
2200 
2201 
2202 
2203 G
2204 Ϯ
2205 
2206 
2207 ȥ
2208 
2209 
2210 
2211 
2212 
2213 
2214 
2215 
2216 
2217 
2218 
2219 
2220 
2221 
2222 
2223 ˼
2224 
2225 
2226 
2227 
2228 
2229 
2230 
2231 
2232 
2233 
2234 
2235 
2236 
2237 Ư
2238 
2239 
2240 
2241 
2242 
2243 
2244 
2245 
2246 
2247 
2248 
2249 
2250 
2251 
2252 
2253 
2254 
2255 
2256 
2257 
2258 Ѳ
2259 
2260 
2261 
2262 
2263 
2264 
2265 
2266 
2267 
2268 ϭ
2269 
2270 
2271 
2272 
2273 
2274 
2275 
2276 
2277 
2278 
2279 
2280 
2281 
2282 
2283 
2284 
2285 
2286 
2287 ̶
2288 
2289 
2290 
2291 
2292 
2293 
2294 
2295 
2296 
2297 
2298 
2299 
2300 
2301 
2302 
2303 
2304 
2305 
2306 Ͽ
2307 
2308 
2309 ת
2310 ̺
2311 
2312 
2313 
2314 
2315 ˭
2316 
2317 Ǽ
2318 
2319 
2320 
2321 ƶ
2322 
2323 
2324 
2325 
2326 
2327 ٢
2328 
2329 
2330 
2331 
2332 ۱
2333 
2334 
2335 
2336 
2337 
2338 
2339 @
2340 
2341 
2342 
2343 
2344 ¸
2345 
2346 
2347 
2348 
2349 
2350 
2351 
2352 
2353 
2354 
2355 
2356 ߵ
2357 
2358 ȭ
2359 
2360 
2361 Ȳ
2362 Ͻ
2363 ݸ
2364 
2365 
2366 
2367 
2368 
2369 
2370 خ
2371 ҡ
2372 
2373 
2374 
2375 
2376 
2377 
2378 ڽ
2379 
2380 
2381 
2382 ޱ
2383 
2384 ȣ
2385 
2386 ˰
2387 
2388 
2389 
2390 
2391 
2392 
2393 
2394 
2395 
2396 
2397 
2398 Ƕ
2399 
2400 
2401 
2402 
2403 
2404 
2405 
2406 a
2407 
2408 
2409 
2410 
2411 ߮
2412 
2413 
2414 
2415 
2416 
2417 
2418 
2419 а
2420 
2421 
2422 
2423 
2424 
2425 
2426 
2427 
2428 
2429 
2430 
2431 
2432 
2433 
2434 
2435 α
2436 
2437 
2438 
2439 
2440 ޷
2441 
2442 
2443 
2444 
2445 
2446 
2447 
2448 
2449 
2450 
2451 
2452 
2453 
2454 
2455 
2456 
2457 
2458 
2459 
2460 
2461 
2462 ʧ
2463 
2464 
2465 
2466 ķ
2467 
2468 
2469 
2470 
2471 
2472 
2473 ע
2474 ̡
2475 
2476 
2477 
2478 
2479 N
2480 
2481 
2482 
2483 
2484 
2485 
2486 
2487 
2488 ˸
2489 أ
2490 
2491 ȵ
2492 
2493 
2494 
2495 
2496 
2497 
2498 
2499 
2500 
2501 
2502 
2503 
2504 
2505 
2506 
2507 
2508 
2509 
2510 մ
2511 
2512 
2513 
2514 
2515 
2516 Ũ
2517 
2518 
2519 
2520 
2521 
2522 
2523 ġ
2524 
2525 
2526 
2527 
2528 
2529 
2530 
2531 
2532 ө
2533 
2534 
2535 
2536 
2537 
2538 
2539 q
2540 Ы
2541 ۭ
2542 
2543 
2544 
2545 
2546 
2547 
2548 
2549 
2550 
2551 
2552 
2553 ٫
2554 Ϭ
2555 
2556 
2557 
2558 
2559 
2560 ר
2561 
2562 
2563 
2564 ߬
2565 ڦ
2566 
2567 
2568 ԧ
2569 
2570 
2571 
2572 
2573 
2574 
2575 
2576 
2577 
2578 
2579 ߩ
2580 
2581 
2582 
2583 
2584 
2585 ޲
2586 
2587 
2588 
2589 
2590 
2591 
2592 
2593 
2594 
2595 
2596 
2597 
2598 
2599 
2600 
2601 
2602 
2603 
2604 Ǭ
2605 
2606 
2607 ˣ
2608 
2609 
2610 
2611 
2612 
2613 
2614 ֫
2615 
2616 
2617 
2618 
2619 Ƥ
2620 
2621 
2622 ߥ
2623 
2624 
2625 o
2626 
2627 
2628 
2629 
2630 
2631 
2632 
2633 
2634 
2635 
2636 
2637 
2638 
2639 
2640 
2641 
2642 
2643 
2644 
2645 
2646 
2647 
2648 ѽ
2649 
2650 
2651 
2652 
2653 
2654 
2655 
2656 
2657 
2658 
2659 ¿
2660 
2661 к
2662 
2663 
2664 
2665 
2666 
2667 
2668 
2669 
2670 
2671 
2672 
2673 ڨ
2674 
2675 
2676 
2677 ٤
2678 
2679 
2680 
2681 
2682 
2683 
2684 
2685 
2686 
2687 
2688 
2689 
2690 ܭ
2691 
2692 
2693 ܦ
2694 
2695 
2696 
2697 
2698 
2699 
2700 
2701 
2702 
2703 
2704 
2705 
2706 
2707 
2708 
2709 
2710 
2711 
2712 
2713 
2714 
2715 
2716 
2717 
2718 
2719 
2720 ڝ
2721 ڳ
2722 
2723 
2724 
2725 
2726 
2727 
2728 
2729 
2730 
2731 
2732 
2733 
2734 
2735 
2736 ٧
2737 
2738 
2739 
2740 
2741 
2742 
2743 
2744 ϱ
2745 
2746 Ө
2747 
2748 
2749 
2750 
2751 
2752 
2753 
2754 ʳ
2755 
2756 
2757 
2758 ϩ
2759 ش
2760 ӥ
2761 
2762 
2763 
2764 Դ
2765 
2766 
2767 
2768 
2769 
2770 ȸ
2771 ۧ
2772 
2773 
2774 
2775 
2776 
2777 
2778 
2779 
2780 
2781 
2782 
2783 
2784 
2785 
2786 
2787 
2788 
2789 
2790 
2791 
2792 
2793 
2794 
2795 
2796 
2797 
2798 
2799 ַ
2800 
2801 
2802 
2803 
2804 
2805 
2806 
2807 
2808 
2809 
2810 
2811 ݩ
2812 
2813 
2814 
2815 
2816 Ϩ
2817 
2818 Ƽ
2819 
2820 
2821 
2822 
2823 
2824 
2825 
2826 ۷
2827 
2828 
2829 Ǿ
2830 
2831 
2832 
2833 
2834 
2835 
2836 
2837 
2838 
2839 
2840 
2841 
2842 g
2843 
2844 
2845 
2846 
2847 
2848 
2849 
2850 
2851 
2852 ç
2853 ˽
2854 
2855 
2856 
2857 ۺ
2858 
2859 
2860 ĸ
2861 
2862 
2863 
2864 
2865 ۮ
2866 
2867 ֹ
2868 
2869 
2870 
2871 
2872 
2873 
2874 
2875 H
2876 
2877 
2878 
2879 
2880 
2881 
2882 
2883 
2884 
2885 
2886 
2887 
2888 
2889 
2890 
2891 Ƭ
2892 ׼
2893 
2894 
2895 
2896 
2897 k
2898 Χ
2899 
2900 ܬ
2901 
2902 
2903 
2904 
2905 
2906 
2907 
2908 
2909 
2910 
2911 
2912 
2913 
2914 
2915 
2916 ѿ
2917 
2918 
2919 
2920 
2921 
2922 
2923 
2924 
2925 
2926 
2927 
2928 ѥ
2929 ݱ
2930 
2931 
2932 
2933 
2934 ӱ
2935 
2936 
2937 У
2938 
2939 
2940 
2941 
2942 
2943 
2944 ɩ
2945 
2946 
2947 
2948 
2949 
2950 
2951 
2952 ּ
2953 
2954 
2955 
2956 
2957 
2958 
2959 
2960 
2961 Z
2962 
2963 
2964 
2965 
2966 
2967 
2968 
2969 
2970 
2971 
2972 æ
2973 
2974 
2975 
2976 Ŵ
2977 
2978 ù
2979 
2980 
2981 
2982 
2983 
2984 н
2985 ز
2986 
2987 
2988 
2989 
2990 
2991 
2992 
2993 
2994 
2995 
2996 @
2997 
2998 
2999 
3000 
3001 
3002 
3003 ɰ
3004 
3005 
3006 
3007 ŭ
3008 
3009 
3010 ű
3011 
3012 
3013 
3014 
3015 
3016 
3017 
3018 
3019 B
3020 
3021 
3022 
3023 
3024 
3025 Ǥ
3026 
3027 ʯ
3028 J
3029 
3030 
3031 
3032 
3033 
3034 
3035 
3036 
3037 
3038 ũ
3039 ģ
3040 
3041 «
3042 
3043 
3044 
3045 
3046 
3047 
3048 
3049 
3050 Ӷ
3051 
3052 
3053 
3054 ̨
3055 ٺ
3056 
3057 
3058 
3059 
3060 լ
3061 Ƚ
3062 
3063 ׵
3064 
3065 
3066 
3067 
3068 
3069 
3070 
3071 
3072 
3073 
3074 
3075 
3076 
3077 
3078 
3079 
3080 
3081 
3082 
3083 ɷ
3084 
3085 
3086 
3087 
3088 
3089 
3090 
3091 խ
3092 
3093 
3094 g
3095 ݭ
3096 
3097 
3098 
3099 
3100 
3101 
3102 j
3103 ̦
3104 Ǻ
3105 
3106 
3107 
3108 
3109 Q
3110 
3111 ŵ
3112 
3113 
3114 
3115 
3116 
3117 
3118 
3119 ˪
3120 
3121 
3122 
3123 Ǯ
3124 
3125 
3126 
3127 
3128 
3129 
3130 
3131 
3132 
3133 
3134 F
3135 
3136 
3137 ѡ
3138 
3139 
3140 
3141 ɧ
3142 
3143 
3144 
3145 ϯ
3146 ֨
3147 
3148 ޢ
3149 
3150 
3151 
3152 
3153 
3154 
3155 
3156 
3157 ߲
3158 
3159 
3160 
3161 ǣ
3162 
3163 
3164 
3165 
3166 
3167 
3168 
3169 
3170 
3171 
3172 
3173 ܨ
3174 
3175 
3176 
3177 
3178 
3179 
3180 
3181 
3182 
3183 
3184 
3185 ٥
3186 
3187 
3188 
3189 
3190 
3191 
3192 ո
3193 ƣ
3194 
3195 
3196 
3197 
3198 
3199 
3200 
3201 
3202 
3203 ݣ
3204 
3205 
3206 
3207 
3208 
3209 }
3210 
3211 ݮ
3212 
3213 
3214 
3215 
3216 
3217 
3218 
3219 G
3220 
3221 
3222 
3223 
3224 
3225 ½
3226 
3227 
3228 
3229 
3230 
3231 
3232 
3233 
3234 }
3235 
3236 
3237 ܲ
3238 »
3239 
3240 
3241 ӿ
3242 Ģ
3243 
3244 
3245 
3246 
3247 
3248 ϲ
3249 
3250 
3251 
3252 
3253 
3254 
3255 
3256 
3257 
3258 ̳
3259 
3260 
3261 
3262 
3263 
3264 
3265 ï
3266 
3267 ܼ
3268 
3269 
3270 
3271 
3272 
3273 
3274 
3275 
3276 
3277 Ͳ
3278 
3279 
3280 
3281 
3282 
3283 
3284 
3285 l
3286 
3287 
3288 
3289 ö
3290 
3291 
3292 
3293 
3294 
3295 ޴
3296 
3297 ү
3298 
3299 
3300 
3301 
3302 ¼
3303 
3304 
3305 
3306 
3307 
3308 
3309 
3310 
3311 ӻ
3312 
3313 
3314 
3315 
3316 
3317 
3318 
3319 β
3320 в
3321 
3322 
3323 
3324 
3325 
3326 
3327 
3328 
3329 
3330 
3331 
3332 
3333 ̬
3334 
3335 
3336 
3337 ý
3338 
3339 ΰ
3340 
3341 
3342 
3343 
3344 
3345 
3346 
3347 
3348 ެ
3349 
3350 
3351 ǰ
3352 
3353 Ļ
3354 
3355 ڷ
3356 
3357 
3358 
3359 ֬
3360 
3361 
3362 
3363 
3364 
3365 b
3366 ȧ
3367 
3368 Ǵ
3369 
3370 ݼ
3371 
3372 ѫ
3373 
3374 
3375 
3376 
3377 
3378 
3379 ɻ
3380 
3381 
3382 
3383 
3384 
3385 
3386 
3387 
3388 Ц
3389 
3390 
3391 
3392 Ҵ
3393 
3394 ׶
3395 
3396 
3397 
3398 
3399 
3400 
3401 
3402 
3403 
3404 
3405 
3406 
3407 
3408 
3409 
3410 
3411 ͵
3412 
3413 
3414 
3415 
3416 
3417 
3418 
3419 
3420 
3421 
3422 ӧ
3423 
3424 
3425 
3426 
3427 
3428 
3429 
3430 
3431 
3432 
3433 
3434 
3435 ë
3436 
3437 ռ
3438 
3439 
3440 ơ
3441 
3442 ԡ
3443 
3444 
3445 
3446 
3447 
3448 
3449 
3450 
3451 ʥ
3452 
3453 
3454 
3455 
3456 
3457 ֧
3458 
3459 
3460 
3461 
3462 
3463 
3464 
3465 չ
3466 
3467 ĵ
3468 
3469 
3470 
3471 
3472 
3473 
3474 
3475 
3476 
3477 
3478 
3479 
3480 
3481 
3482 
3483 
3484 
3485 
3486 
3487 
3488 
3489 
3490 ޻
3491 
3492 
3493 
3494 
3495 
3496 
3497 ޡ
3498 
3499 
3500 ؿ
3501 
3502 
3503 
3504 
3505 ̭
3506 
3507 
3508 
3509 
3510 
3511 ܹ
3512 
3513 
3514 
3515 ͽ
3516 
3517 
3518 ޫ
3519 ֡
3520 
3521 
3522 
3523 
3524 ߦ
3525 
3526 
3527 
3528 ̮
3529 
3530 
3531 
3532 
3533 
3534 
3535 
3536 ׻
3537 
3538 
3539 
3540 
3541 
3542 
3543 Ŧ
3544 
3545 
3546 
3547 Ӻ
3548 
3549 
3550 Ժ
3551 ±
3552 
3553 
3554 
3555 
3556 
3557 
3558 
3559 
3560 
3561 
3562 
3563 
3564 
3565 
3566 
3567 
3568 м
3569 
3570 
3571 Զ
3572 
3573 
3574 
3575 
3576 ƿ
3577 
3578 \
3579 
3580 
3581 ͬ
3582 
3583 
3584 ս
3585 
3586 
3587 ڤ
3588 
3589 
3590 
3591 
3592 
3593 
3594 
3595 
3596 
3597 
3598 
3599 ̾
3600 
3601 
3602 
3603 ʴ
3604 
3605 
3606 
3607 
3608 
3609 
3610 
3611 Ң
3612 
3613 
3614 
3615 
3616 ª
3617 
3618 
3619 
3620 
3621 ˯
3622 
3623 S
3624 
3625 
3626 
3627 
3628 
3629 _
3630 
3631 Ѭ
3632 
3633 
3634 
3635 
3636 
3637 
3638 
3639 
3640 
3641 
3642 
3643 ˻
3644 
3645 ծ
3646 
3647 
3648 
3649 
3650 
3651 Ԣ
3652 
3653 
3654 
3655 
3656 ׹
3657 
3658 
3659 
3660 ڿ
3661 
3662 
3663 
3664 
3665 ů
3666 
3667 
3668 
3669 
3670 ϻ
3671 Լ
3672 ĩ
3673 
3674 
3675 
3676 
3677 
3678 
3679 ݿ
3680 
3681 
3682 
3683 
3684 
3685 
3686 
3687 
3688 
3689 
3690 
3691 
3692 
3693 
3694 ǿ
3695 
3696 
3697 Ѹ
3698 
3699 
3700 
3701 
3702 ީ
3703 
3704 ǡ
3705 
3706 ߴ
3707 
3708 ߫
3709 
3710 
3711 b
3712 
3713 
3714 
3715 
3716 
3717 
3718 
3719 
3720 
3721 
3722 ͧ
3723 
3724 
3725 
3726 
3727 ٵ
3728 
3729 
3730 
3731 
3732 
3733 
3734 
3735 
3736 
3737 
3738 
3739 
3740 
3741 
3742 
3743 
3744 
3745 
3746 
3747 
3748 ʼ
3749 
3750 ֣
3751 ɤ
3752 
3753 
3754 
3755 ۏ
3756 
3757 ͮ
3758 
3759 
3760 
3761 ο
3762 
3763 
3764 
3765 
3766 
3767 
3768 ײ
3769 Ÿ
3770 
3771 
3772 
3773 
3774 
3775 
3776 
3777 
3778 
3779 
3780 
3781 
3782 
3783 
3784 
3785 
3786 
3787 
3788 
3789 
3790 X
3791 
3792 
3793 
3794 
3795 
3796 
3797 
3798 
3799 
3800 ֤
3801 
3802 
3803 
3804 
3805 
3806 ׬
3807 
3808 
3809 
3810 
3811 
3812 
3813 
3814 
3815 
3816 
3817 
3818 ð
3819 ֳ
3820 
3821 i
3822 
3823 
3824 ӹ
3825 س
3826 й
3827 
3828 
3829 
3830 
3831 ʤ
3832 
3833 
3834 
3835 
3836 
3837 
3838 
3839 
3840 
3841 
3842 
3843 
3844 գ
3845 
3846 
3847 
3848 Ȣ
3849 
3850 
3851 
3852 
3853 
3854 
3855 ̯
3856 
3857 
3858 
3859 
3860 
3861 
3862 ·
3863 
3864 ]
3865 
3866 
3867 P
3868 
3869 
3870 b
3871 b
3872 
3873 
3874 
3875 
3876 
3877 
3878 
3879 
3880 
3881 
3882 Ż
3883 
3884 
3885 H
3886 
3887 
3888 
3889 
3890 
3891 Ͼ
3892 ϣ
3893 
3894 
3895 
3896 
3897 
3898 
3899 
3900 
3901 
3902 
3903 t
3904 
3905 
3906 
3907 
3908 
3909 
3910 
3911 
3912 
3913 
3914 ܣ
3915 
3916 
3917 
3918 
3919 
3920 
3921 
3922 
3923 
3924 
3925 
3926 
3927 
3928 
3929 
3930 
3931 
3932 
3933 ֻ
3934 
3935 
3936 
3937 
3938 
3939 
3940 
3941 շ
3942 Ѧ
3943 
3944 
3945 G
3946 
3947 
3948 
3949 
3950 
3951 
3952 
3953 
3954 
3955 
3956 ȫ
3957 
3958 
3959 
3960 Ҽ
3961 
3962 
3963 
3964 
3965 
3966 
3967 
3968 
3969 ٯ
3970 
3971 
3972 Գ
3973 ۥ
3974 
3975 Ӭ
3976 и
3977 
3978 κ
3979 Ŷ
3980 
3981 ɭ
3982 
3983 
3984 
3985 
3986 
3987 
3988 
3989 һ
3990 Ʋ
3991 
3992 
3993 
3994 
3995 
3996 
3997 
3998 e
3999 
4000 
4001 
4002 
4003 
4004 
4005 
4006 
4007 
4008 Ǩ
4009 
4010 
4011 
4012 
4013 
4014 Ω
4015 
4016 
4017 
4018 
4019 
4020 
4021 d
4022 
4023 
4024 
4025 
4026 
4027 
4028 
4029 
4030 
4031 
4032 
4033 
4034 
4035 
4036 
4037 
4038 
4039 
4040 
4041 
4042 
4043 
4044 
4045 
4046 
4047 
4048 
4049 
4050 
4051 
4052 
4053 
4054 
4055 
4056 
4057 װ
4058 
4059 
4060 
4061 
4062 
4063 
4064 դ
4065 
4066 
4067 
4068 
4069 
4070 
4071 
4072 
4073 
4074 
4075 
4076 
4077 ڵ
4078 ޼
4079 
4080 ʭ
4081 
4082 
4083 
4084 
4085 
4086 
4087 
4088 
4089 
4090 
4091 
4092 
4093 n
4094 
4095 
4096 
4097 
4098 
4099 
4100 
4101 Ա
4102 ͳ
4103 
4104 ۯ
4105 
4106 
4107 
4108 
4109 
4110 
4111 
4112 
4113 ױ
4114 
4115 
4116 
4117 
4118 
4119 ̽
4120 
4121 
4122 ۾
4123 
4124 
4125 ֺ
4126 
4127 
4128 
4129 
4130 ²
4131 
4132 
4133 
4134 
4135 
4136 
4137 
4138 
4139 
4140 ٳ
4141 
4142 
4143 
4144 
4145 ή
4146 
4147 
4148 
4149 
4150 
4151 ڧ
4152 ˱
4153 
4154 
4155 
4156 
4157 
4158 
4159 
4160 
4161 
4162 
4163 
4164 
4165 
4166 
4167 
4168 
4169 
4170 
4171 
4172 
4173 
4174 
4175 
4176 
4177 á
4178 Ϫ
4179 
4180 ť
4181 
4182 
4183 Ҹ
4184 
4185 
4186 
4187 
4188 
4189 
4190 
4191 
4192 
4193 
4194 
4195 
4196 ʹ
4197 
4198 
4199 
4200 
4201 
4202 ʦ
4203 
4204 
4205 
4206 
4207 
4208 
4209 
4210 
4211 
4212 
4213 պ
4214 
4215 
4216 
4217 
4218 G
4219 
4220 
4221 ƾ
4222 
4223 
4224 
4225 
4226 
4227 
4228 
4229 
4230 
4231 
4232 
4233 
4234 
4235 g
4236 
4237 ʮ
4238 
4239 
4240 
4241 ȡ
4242 ף
4243 
4244 
4245 ƽ
4246 
4247 
4248 
4249 
4250 
4251 
4252 Ķ
4253 ̿
4254 
4255 
4256 
4257 Ǧ
4258 
4259 
4260 
4261 
4262 
4263 
4264 
4265 
4266 ¥
4267 
4268 
4269 
4270 
4271 
4272 Ӫ
4273 
4274 è
4275 
4276 
4277 
4278 
4279 
4280 
4281 
4282 
4283 
4284 
4285 
4286 
4287 
4288 
4289 
4290 Ŀ
4291 
4292 
4293 
4294 
4295 
4296 
4297 д
4298 
4299 
4300 
4301 t
4302 
4303 
4304 
4305 
4306 
4307 
4308 
4309 
4310 
4311 ܤ
4312 
4313 Ѩ
4314 
4315 
4316 
4317 
4318 
4319 
4320 
4321 
4322 
4323 
4324 ɥ
4325 
4326 e
4327 
4328 
4329 ݺ
4330 
4331 ئ
4332 
4333 
4334 
4335 
4336 
4337 
4338 
4339 
4340 
4341 
4342 
4343 ʱ
4344 
4345 
4346 
4347 ի
4348 
4349 b
4350 
4351 
4352 
4353 
4354 
4355 
4356 
4357 
4358 
4359 ԰
4360 
4361 
4362 
4363 
4364 
4365 
4366 
4367 
4368 
4369 
4370 
4371 
4372 
4373 
4374 
4375 ۹
4376 
4377 
4378 ˊ
4379 ׮
4380 î
4381 Ů
4382 
4383 G
4384 
4385 
4386 
4387 
4388 ؤ
4389 
4390 
4391 
4392 ӳ
4393 
4394 S
4395 
4396 
4397 
4398 
4399 
4400 
4401 
4402 
4403 
4404 
4405 
4406 ۰
4407 
4408 ʡ
4409 ι
4410 
4411 
4412 
4413 
4414 
4415 
4416 
4417 ̱
4418 ҧ
4419 
4420 
4421 
4422 
4423 
4424 
4425 į
4426 
4427 ط
4428 ٱ
4429 
4430 
4431 
4432 
4433 
4434 
4435 
4436 
4437 
4438 
4439 ɴ
4440 Ĩ
4441 
4442 
4443 
4444 
4445 ۤ
4446 
4447 
4448 ԣ
4449 
4450 
4451 
4452 
4453 
4454 
4455 
4456 
4457 
4458 
4459 
4460 
4461 
4462 
4463 
4464 
4465 
4466 
4467 
4468 
4469 
4470 
4471 
4472 
4473 
4474 
4475 
4476 
4477 ڻ
4478 
4479 ʨ
4480 
4481 ҳ
4482 ٬
4483 
4484 
4485 
4486 ƭ
4487 
4488 
4489 
4490 
4491 
4492 
4493 
4494 
4495 
4496 
4497 
4498 
4499 
4500 
4501 
4502 
4503 
4504 š
4505 
4506 
4507 
4508 
4509 
4510 
4511 
4512 
4513 
4514 
4515 
4516 
4517 
4518 ǹ
4519 
4520 
4521 
4522 
4523 
4524 
4525 
4526 
4527 ζ
4528 
4529 ݴ
4530 Ū
4531 
4532 
4533 
4534 
4535 
4536 
4537 ȩ
4538 Ȱ
4539 
4540 
4541 Ȥ
4542 
4543 
4544 
4545 ó
4546 Ϊ
4547 
4548 
4549 
4550 
4551 
4552 
4553 
4554 
4555 
4556 
4557 
4558 
4559 
4560 
4561 
4562 
4563 
4564 
4565 
4566 
4567 
4568 
4569 
4570 
4571 
4572 
4573 
4574 
4575 
4576 
4577 Ӹ
4578 
4579 
4580 
4581 
4582 
4583 Ħ
4584 Ԧ
4585 
4586 
4587 
4588 ܴ
4589 
4590 
4591 
4592 
4593 
4594 
4595 
4596 
4597 
4598 
4599 
4600 ź
4601 ͣ
4602 
4603 
4604 
4605 
4606 Ӳ
4607 ߳
4608 
4609 
4610 
4611 
4612 ޣ
4613 
4614 
4615 
4616 ü
4617 
4618 
4619 ֲ
4620 
4621 ܱ
4622 
4623 
4624 
4625 
4626 
4627 
4628 
4629 
4630 
4631 
4632 
4633 ӯ
4634 
4635 Ĭ
4636 ۬
4637 
4638 
4639 
4640 
4641 K
4642 Ȧ
4643 
4644 
4645 ظ
4646 
4647 Ե
4648 j
4649 Ƿ
4650 
4651 ľ
4652 
4653 
4654 
4655 
4656 
4657 ڡ
4658 
4659 
4660 Է
4661 
4662 
4663 
4664 
4665 
4666 
4667 
4668 ޽
4669 
4670 
4671 
4672 
4673 
4674 
4675 
4676 
4677 
4678 
4679 
4680 
4681 
4682 
4683 
4684 
4685 
4686 
4687 ڹ
4688 
4689 
4690 
4691 
4692 
4693 
4694 ¦
4695 
4696 
4697 
4698 
4699 
4700 
4701 
4702 Թ
4703 
4704 
4705 
4706 
4707 
4708 
4709 
4710 
4711 ̪
4712 
4713 ݥ
4714 
4715 
4716 
4717 
4718 
4719 
4720 
4721 
4722 
4723 
4724 
4725 
4726 
4727 
4728 
4729 ¤
4730 
4731 
4732 λ
4733 
4734 Ʈ
4735 
4736 
4737 
4738 ǽ
4739 
4740 
4741 
4742 
4743 
4744 
4745 
4746 
4747 ɹ
4748 
4749 
4750 ʹ
4751 B
4752 
4753 
4754 
4755 
4756 
4757 
4758 
4759 
4760 
4761 
4762 
4763 
4764 
4765 
4766 
4767 ƨ
4768 
4769 է
4770 
4771 
4772 
4773 ں
4774 
4775 
4776 
4777 
4778 ä
4779 
4780 
4781 
4782 
4783 
4784 
4785 ץ
4786 
4787 
4788 
4789 
4790 
4791 ʩ
4792 
4793 
4794 
4795 
4796 
4797 
4798 ʢ
4799 
4800 
4801 ϰ
4802 Ӯ
4803 
4804 
4805 
4806 Ԥ
4807 
4808 ò
4809 
4810 
4811 
4812 
4813 
4814 
4815 
4816 
4817 
4818 
4819 ̣
4820 
4821 
4822 
4823 Ҧ
4824 ͭ
4825 
4826 
4827 
4828 
4829 
4830 
4831 
4832 
4833 ѷ
4834 
4835 
4836 
4837 Į
4838 
4839 
4840 
4841 
4842 
4843 
4844 
4845 
4846 
4847 ì
4848 
4849 
4850 
4851 
4852 
4853 
4854 
4855 
4856 
4857 
4858 
4859 
4860 
4861 
4862 
4863 
4864 
4865 
4866 Ը
4867 
4868 
4869 
4870 
4871 
4872 ĳ
4873 
4874 
4875 
4876 
4877 
4878 ղ
4879 
4880 ʰ
4881 
4882 
4883 
4884 
4885 
4886 
4887 
4888 
4889 Ƴ
4890 
4891 
4892 
4893 ߭
4894 
4895 
4896 Ȼ
4897 
4898 
4899 
4900 յ
4901 ժ
4902 
4903 Ǫ
4904 
4905 ø
4906 
4907 
4908 
4909 
4910 
4911 
4912 
4913 
4914 
4915 
4916 
4917 
4918 
4919 
4920 ѭ
4921 
4922 ̧
4923 е
4924 
4925 ˢ
4926 
4927 
4928 
4929 
4930 
4931 
4932 
4933 
4934 
4935 
4936 
4937 
4938 
4939 
4940 
4941 
4942 Ƶ
4943 
4944 
4945 ߤ
4946 
4947 
4948 
4949 
4950 
4951 
4952 ٹ
4953 
4954 
4955 
4956 
4957 Х
4958 
4959 
4960 
4961 ۻ
4962 
4963 
4964 ǵ
4965 
4966 
4967 ۽
4968 
4969 
4970 
4971 
4972 
4973 
4974 
4975 ˫
4976 
4977 
4978 Ţ
4979 
4980 
4981 
4982 բ
4983 
4984 ޶
4985 
4986 
4987 ӽ
4988 
4989 ε
4990 e
4991 ɾ
4992 ۳
4993 
4994 ܾ
4995 
4996 
4997 
4998 
4999 
5000 
5001 
5002 
5003 
5004 Ϲ
5005 
5006 
5007 ڣ
5008 
5009 
5010 
5011 
5012 
5013 
5014 
5015 
5016 
5017 ʶ
5018 
5019 Ҿ
5020 
5021 
5022 ɶ
5023 
5024 
5025 ɨ
5026 
5027 Ҷ
5028 
5029 ѹ
5030 
5031 
5032 
5033 
5034 
5035 
5036 Ī
5037 
5038 
5039 
5040 
5041 
5042 ҭ
5043 
5044 
5045 
5046 
5047 
5048 
5049 
5050 
5051 
5052 
5053 
5054 
5055 
5056 
5057 
5058 
5059 
5060 
5061 
5062 
5063 
5064 
5065 
5066 
5067 
5068 
5069 
5070 
5071 
5072 S
5073 
5074 
5075 
5076 
5077 
5078 ھ
5079 
5080 
5081 ݰ
5082 ջ
5083 զ
5084 
5085 
5086 Ĺ
5087 
5088 
5089 
5090 
5091 
5092 h
5093 
5094 о
5095 
5096 
5097 
5098 
5099 
5100 İ
5101 
5102 Υ
5103 
5104 
5105 
5106 
5107 
5108 
5109 
5110 
5111 
5112 
5113 
5114 
5115 
5116 
5117 
5118 
5119 
5120 
5121 
5122 ը
5123 
5124 ͱ
5125 
5126 
5127 Ұ
5128 
5129 
5130 
5131 
5132 ǲ
5133 ʸ
5134 
5135 
5136 
5137 
5138 
5139 
5140 
5141 
5142 
5143 
5144 
5145 
5146 
5147 
5148 
5149 
5150 
5151 
5152 
5153 ħ
5154 
5155 Ǳ
5156 ա
5157 
5158 Ʊ
5159 
5160 
5161 
5162 
5163 
5164 
5165 
5166 
5167 
5168 
5169 
5170 
5171 
5172 
5173 
5174 
5175 
5176 ܰ
5177 
5178 
5179 Ź
5180 
5181 
5182 
5183 
5184 
5185 
5186 
5187 
5188 
5189 
5190 
5191 
5192 
5193 
5194 ˵
5195 
5196 
5197 
5198 
5199 
5200 
5201 
5202 
5203 
5204 
5205 
5206 
5207 
5208 
5209 
5210 
5211 
5212 
5213 
5214 e
5215 
5216 
5217 
5218 
5219 ݧ
5220 
5221 
5222 
5223 
5224 ͸
5225 
5226 ߱
5227 Ϧ
5228 
5229 
5230 
5231 
5232 
5233 
5234 
5235 
5236 Ǹ
5237 
5238 
5239 
5240 
5241 
5242 
5243 
5244 
5245 
5246 Ϣ
5247 
5248 
5249 
5250 
5251 
5252 
5253 
5254 
5255 
5256 ѻ
5257 
5258 ¾
5259 
5260 
5261 
5262 
5263 
5264 ¨
5265 
5266 
5267 
5268 ú
5269 
5270 
5271 
5272 
5273 
5274 ж
5275 
5276 
5277 
5278 
5279 
5280 
5281 
5282 
5283 
5284 ݷ
5285 
5286 
5287 
5288 
5289 
5290 
5291 
5292 
5293 
5294 
5295 ˶
5296 ί
5297 
5298 
5299 ư
5300 
5301 
5302 
5303 Ҫ
5304 
5305 
5306 
5307 
5308 
5309 
5310 
5311 
5312 
5313 
5314 
5315 ȱ
5316 
5317 Ѫ
5318 
5319 Ĵ
5320 
5321 
5322 
5323 
5324 
5325 
5326 i
5327 
5328 
5329 
5330 
5331 
5332 
5333 
5334 
5335 
5336 
5337 
5338 
5339 
5340 
5341 
5342 
5343 ڬ
5344 
5345 
5346 
5347 
5348 
5349 
5350 
5351 
5352 
5353 
5354 Ԭ
5355 
5356 
5357 
5358 
5359 ɳ
5360 
5361 
5362 
5363 
5364 
5365 
5366 ަ
5367 
5368 ʺ
5369 
5370 
5371 
5372 
5373 ɫ
5374 
5375 
5376 
5377 ݯ
5378 
5379 
5380 
5381 
5382 
5383 
5384 
5385 
5386 
5387 
5388 
5389 
5390 
5391 
5392 
5393 
5394 
5395 
5396 
5397 
5398 
5399 
5400 
5401 
5402 
5403 
5404 
5405 
5406 
5407 
5408 
5409 
5410 
5411 
5412 
5413 
5414 
5415 ɮ
5416 
5417 
5418 
5419 
5420 
5421 
5422 
5423 
5424 
5425 
5426 
5427 
5428 
5429 
5430 ֽ
5431 
5432 
5433 
5434 ǳ
5435 ɼ
5436 
5437 
5438 
5439 
5440 
5441 
5442 
5443 
5444 
5445 ٩
5446 
5447 
5448 
5449 
5450 
5451 
5452 
5453 
5454 
5455 
5456 
5457 
5458 
5459 
5460 
5461 
5462 
5463 
5464 
5465 
5466 
5467 
5468 
5469 
5470 
5471 
5472 
5473 ʻ
5474 
5475 
5476 ܢ
5477 
5478 
5479 
5480 
5481 
5482 
5483 Ĥ
5484 
5485 H
5486 
5487 
5488 
5489 
5490 
5491 
5492 ҽ
5493 
5494 
5495 
5496 
5497 
5498 
5499 
5500 
5501 ج
5502 
5503 
5504 
5505 
5506 
5507 ͼ
5508 
5509 
5510 ֦
5511 
5512 
5513 
5514 
5515 
5516 
5517 
5518 
5519 
5520 
5521 
5522 
5523 
5524 
5525 ذ
5526 
5527 
5528 
5529 
5530 
5531 
5532 
5533 ׫
5534 
5535 
5536 
5537 
5538 
5539 
5540 
5541 
5542 
5543 
5544 
5545 
5546 
5547 
5548 
5549 
5550 ?
5551 
5552 
5553 
5554 
5555 
5556 ӝ
5557 
5558 
5559 
5560 ͤ
5561 Ѷ
5562 
5563 V
5564 
5565 
5566 
5567 ȹ
5568 
5569 
5570 
5571 
5572 
5573 
5574 
5575 
5576 
5577 
5578 
5579 
5580 Ю
5581 
5582 Ŭ
5583 
5584 
5585 
5586 
5587 
5588 ֭
5589 
5590 
5591 
5592 
5593 
5594 
5595 
5596 
5597 
5598 
5599 
5600 
5601 
5602 
5603 
5604 
5605 
5606 
5607 
5608 
5609 
5610 
5611 
5612 
5613 
5614 
5615 
5616 ʾ
5617 
5618 
5619 
5620 
5621 
5622 ڶ
5623 
5624 
5625 
5626 
5627 ޭ
5628 
5629 
5630 
5631 
5632 Ϳ
5633 
5634 
5635 
5636 
5637 Ѿ
5638 
5639 
5640 
5641 O
5642 
5643 ʲ
5644 
5645 ׽
5646 
5647 
5648 
5649 
5650 
5651 
5652 
5653 
5654 
5655 
5656 
5657 
5658 
5659 
5660 
5661 
5662 
5663 
5664 
5665 
5666 
5667 ݪ
5668 
5669 
5670 
5671 ߼
5672 
5673 
5674 ˳
5675 
5676 
5677 
5678 
5679 ϴ
5680 
5681 ޵
5682 
5683 
5684 
5685 
5686 ̷
5687 
5688 
5689 
5690 
5691 
5692 Φ
5693 
5694 
5695 
5696 
5697 
5698 
5699 
5700 ʣ
5701 
5702 J
5703 
5704 
5705 
5706 
5707 
5708 
5709 ԯ
5710 
5711 
5712 
5713 
5714 ɬ
5715 
5716 
5717 
5718 
5719 
5720 
5721 
5722 
5723 
5724 
5725 
5726 
5727 
5728 
5729 
5730 
5731 ν
5732 
5733 
5734 
5735 
5736 ٭
5737 Ȯ
5738 
5739 
5740 ߣ
5741 
5742 ڱ
5743 
5744 Т
5745 
5746 
5747 
5748 
5749 ʪ
5750 
5751 
5752 
5753 
5754 
5755 
5756 
5757 
5758 
5759 
5760 
5761 
5762 
5763 ۿ
5764 
5765 
5766 
5767 
5768 
5769 ƪ
5770 G
5771 
5772 
5773 
5774 
5775 
5776 
5777 
5778 
5779 
5780 ξ
5781 ا
5782 
5783 
5784 ŷ
5785 
5786 
5787 
5788 
5789 ɣ
5790 £
5791 
5792 
5793 
5794 
5795 
5796 
5797 
5798 
5799 ê
5800 
5801 ̰
5802 
5803 
5804 
5805 
5806 ְ
5807 
5808 
5809 
5810 
5811 
5812 
5813 ު
5814 
5815 
5816 
5817 
5818 
5819 
5820 
5821 
5822 
5823 
5824 
5825 
5826 
5827 
5828 
5829 
5830 
5831 
5832 
5833 
5834 
5835 
5836 
5837 ҹ
5838 
5839 
5840 
5841 Я
5842 
5843 
5844 
5845 
5846 
5847 
5848 
5849 
5850 
5851 
5852 
5853 
5854 
5855 
5856 
5857 H
5858 
5859 h
5860 
5861 
5862 
5863 
5864 ݬ
5865 ޯ
5866 
5867 
5868 Ψ
5869 
5870 
5871 
5872 
5873 
5874 
5875 
5876 
5877 
5878 
5879 
5880 
5881 
5882 
5883 
5884 
5885 
5886 
5887 
5888 
5889 ص
5890 
5891 
5892 
5893 
5894 
5895 
5896 
5897 
5898 
5899 
5900 
5901 
5902 ͦ
5903 
5904 
5905 ֯
5906 
5907 
5908 
5909 ͪ
5910 Ӥ
5911 
5912 
5913 
5914 
5915 
5916 
5917 
5918 
5919 
5920 
5921 
5922 
5923 
5924 
5925 
5926 
5927 
5928 
5929 
5930 
5931 
5932 
5933 
5934 
5935 
5936 
5937 ǫ
5938 
5939 
5940 
5941 
5942 
5943 ȼ
5944 
5945 
5946 
5947 
5948 
5949 ƹ
5950 
5951 
5952 
5953 
5954 
5955 
5956 
5957 ٮ
5958 
5959 
5960 
5961 
5962 
5963 
5964 
5965 
5966 
5967 ˲
5968 
5969 
5970 
5971 ̥
5972 
5973 
5974 
5975 
5976 
5977 
5978 
5979 
5980 _
5981 
5982 
5983 
5984 
5985 
5986 
5987 
5988 
5989 
5990 
5991 
5992 
5993 ڼ
5994 
5995 
5996 
5997 
5998 
5999 
6000 
6001 
6002 ʵ
6003 
6004 
6005 
6006 
6007 
6008 
6009 
6010 
6011 
6012 
6013 
6014 
6015 
6016 
6017 
6018 
6019 
6020 
6021 
6022 
6023 
6024 ?
6025 
6026 
6027 ͨ
6028 
6029 
6030 
6031 
6032 ޸
6033 
6034 
6035 
6036 ع
6037 
6038 
6039 
6040 
6041 
6042 
6043 ū
6044 
6045 
6046 
6047 
6048 
6049 
6050 Μ
6051 
6052 
6053 
6054 
6055 
6056 
6057 
6058 
6059 
6060 
6061 
6062 
6063 
6064 
6065 
6066 
6067 
6068 
6069 ߪ
6070 
6071 
6072 
6073 
6074 
6075 
6076 
6077 
6078 
6079 
6080 
6081 
6082 
6083 
6084 ն
6085 ǯ
6086 
6087 
6088 
6089 
6090 
6091 
6092 
6093 ض
6094 
6095 
6096 
6097 
6098 
6099 
6100 ̤
6101 
6102 
6103 
6104 
6105 
6106 
6107 ۶
6108 
6109 
6110 
6111 Ѻ
6112 
6113 
6114 
6115 
6116 
6117 
6118 
6119 
6120 Ʀ
6121 
6122 ų
6123 
6124 
6125 ʷ
6126 
6127 
6128 
6129 
6130 
6131 ٪
6132 
6133 ˷
6134 F
6135 
6136 
6137 
6138 
6139 
6140 ګ
6141 
6142 
6143 
6144 
6145 
6146 
6147 
6148 
6149 ث
6150 
6151 ק
6152 ˧
6153 
6154 
6155 
6156 
6157 
6158 ް
6159 
6160 
6161 
6162 
6163 
6164 
6165 
6166 
6167 
6168 
6169 
6170 Ѥ
6171 
6172 ӫ
6173 
6174 
6175 
6176 ϡ
6177 
6178 
6179 ɦ
6180 
6181 
6182 ϼ
6183 
6184 
6185 
6186 
6187 
6188 
6189 
6190 ۼ
6191 
6192 
6193 
6194 
6195 Ӵ
6196 
6197 
6198 
6199 
6200 
6201 ܫ
6202 
6203 
6204 
6205 
6206 
6207 
6208 
6209 
6210 
6211 
6212 
6213 
6214 ӭ
6215 
6216 
6217 
6218 
6219 
6220 
6221 
6222 ܻ
6223 
6224 
6225 
6226 
6227 
6228 
6229 
6230 
6231 
6232 
6233 Ⱦ
6234 
6235 
6236 
6237 
6238 
6239 
6240 ٶ
6241 
6242 
6243 q
6244 
6245 ӡ
6246 
6247 
6248 Ϻ
6249 
6250 
6251 
6252 
6253 
6254 
6255 
6256 
6257 
6258 
6259 
6260 
6261 
6262 
6263 ]
6264 
6265 
6266 
6267 
6268 
6269 
6270 
6271 
6272 
6273 
6274 
6275 
6276 
6277 
6278 
6279 ۴
6280 
6281 
6282 
6283 
6284 
6285 
6286 
6287 
6288 
6289 
6290 ļ
6291 
6292 
6293 
6294 
6295 
6296 
6297 
6298 
6299 ^
6300 
6301 ı
6302 
6303 
6304 
6305 
6306 
6307 
6308 γ
6309 
6310 
6311 Ϋ
6312 
6313 
6314 
6315 
6316 
6317 
6318 
6319 
6320 
6321 
6322 
6323 
6324 
6325 ³
6326 
6327 
6328 
6329 
6330 
6331 û
6332 
6333 
6334 
6335 ͥ
6336 
6337 ͺ
6338 
6339 
6340 
6341 
6342 
6343 ÿ
6344 
6345 ־
6346 
6347 
6348 
6349 
6350 
6351 
6352 
6353 
6354 
6355 ȴ
6356 
6357 
6358 
6359 
6360 
6361 
6362 
6363 ŧ
6364 
6365 
6366 
6367 
6368 
6369 
6370 Ѽ
6371 
6372 
6373 
6374 í
6375 
6376 
6377 
6378 
6379 
6380 
6381 ׳
6382 
6383 
6384 
6385 
6386 
6387 
6388 
6389 
6390 
6391 
6392 
6393 
6394 
6395 
6396 
6397 
6398 
6399 
6400 Ű
6401 
6402 
6403 
6404 
6405 
6406 
6407 
6408 
6409 
6410 
6411 
6412 
6413 
6414 
6415 
6416 ܸ
6417 
6418 
6419 
6420 
6421 
6422 
6423 Ľ
6424 
6425 
6426 
6427 
6428 
6429 
6430 m
6431 ޤ
6432 
6433 ׺
6434 
6435 ­
6436 
6437 
6438 
6439 
6440 
6441 
6442 л
6443 
6444 
6445 
6446 
6447 ֢
6448 
6449 ǻ
6450 
6451 
6452 
6453 
6454 
6455 
6456 
6457 
6458 
6459 
6460 
6461 
6462 
6463 
6464 
6465 Ƌ
6466 
6467 
6468 
6469 
6470 ݹ
6471 
6472 
6473 
6474 
6475 
6476 
6477 
6478 
6479 
6480 
6481 ˡ
6482 
6483 
6484 
6485 
6486 
6487 
6488 
6489 
6490 
6491 
6492 
6493 0
6494 1
6495 2
6496 3
6497 4
6498 5
6499 6
6500 7
6501 8
6502 9
6503 a
6504 b
6505 c
6506 d
6507 e
6508 f
6509 g
6510 h
6511 i
6512 j
6513 k
6514 l
6515 m
6516 n
6517 o
6518 p
6519 q
6520 r
6521 s
6522 t
6523 u
6524 v
6525 w
6526 x
6527 y
6528 z
6529 A
6530 B
6531 C
6532 D
6533 E
6534 F
6535 G
6536 H
6537 I
6538 J
6539 K
6540 L
6541 M
6542 N
6543 O
6544 P
6545 Q
6546 R
6547 S
6548 T
6549 U
6550 V
6551 W
6552 X
6553 Y
6554 Z
6555 .
6556 :
6557 
6558 
6559 '
6560 "
6561 (
6562 !
6563 ?
6564 )
6565 +
6566 -
6567 *
6568 /
6569 =
6570 <
6571 >
6572 {
6573 }
6574 [
6575 ]
6576 @
6577 #
6578 $
6579 %
6580 ^
6581 &
6582 
6583 ~